# turbine_x, turbine_y
1064.4392179652486	-1915.3282814561971
4240.1176691855135	-3202.157843923215
5211.533089335509	-4579.692365194542
2759.0244676200364	-4524.59592864102
12381.745438823426	-558.6986728796442
7127.809003128651	-2815.5843818713543
9871.857187561836	-2277.886485533033
13670.470860439698	-4802.933337306114
8963.79124261077	-1320.6850558748856
12005.788575749426	-4178.958431066557
752.4389196684724	-5235.2370883275
7444.197065756581	-4855.057081034195
10441.113250357475	-4185.282597488202
13642.831197048097	-3260.888183022239
4483.720795118796	-54.60469330279102
14668.728884128239	-1140.0784060321164
16072.172852804502	-5952.533520008537
3621.476287845325	-1434.1814251505123
9210.277472634933	-3653.01837888362
489.4144451005077	-187.83831449144645
2171.2348502930663	-993.7940086117083
10762.989813061922	-5418.296906845542
6021.991541189363	-2082.0962389828355
6189.754780823919	-567.2554945809679
14877.599726084156	-2978.374747456465
10597.169958567149	-789.6613553199413
7104.843284400847	-1366.7510924676305
15738.343075187218	-4358.601264781598
13584.705564697926	-1973.4603822227766
11393.77056933772	-2536.2200664721795
203.85282013756841	-3527.820389164398
4701.21099906132	-2023.6214710087916
14136.68581633505	-5986.900613380232
9059.418105623214	-5748.374165093968
7879.686246540181	-225.86983356987366
16007.51036363302	-945.2920790979233
1938.3423801232448	-2823.594314346452
2144.2160043508275	-5901.612300376397
12796.64051037066	-5926.04343162182
3760.55765362872	-5211.07827001785
8533.64331093004	-2483.2543625419416
1322.0744156024703	-4178.753261765773
6008.840008171186	-5624.815524967029
13557.91937003813	-159.35463339828038
9356.839094842353	-153.35615378415014
6402.897609576947	-4080.980382453893
16089.212895518773	-3084.7807358959535
3194.3591288350135	-118.57852789380104
7963.411660032683	-3734.0409246787654
4711.115803928213	-5944.193512155639
