# turbine_x, turbine_y
12121.165596031055	-3218.564836508755
6314.018253936908	-4358.2205726000575
14302.88963449969	-3421.5662371376884
10113.688913072227	-4241.829947619201
12349.858098203627	-5681.901060491569
13580.18541369145	-5681.985354754628
2117.50895975863	-3339.8371527656523
12374.58131242416	-120.6889793511491
14988.099956536302	-1530.450659845683
15281.507229962974	-4697.465165919767
10209.107969433117	-2808.2627687871077
13127.371548573203	-1714.3927481348603
8442.32559732925	-16.147883675440426
3236.864590200915	-792.0752463815861
7952.562987988515	-2446.6110872361414
435.15478614894346	-2833.690410163343
8698.330406887373	-5052.294881490065
10718.778573069754	-5969.425324814093
6399.426974450947	-1751.9906598981836
5125.464095233964	-2449.395874374279
10593.18952999954	-777.1410896215502
4204.922508074875	-4860.567693228029
11395.536734086447	-2064.6832422786356
334.56290633045774	-5055.749162523355
2523.243301573805	-1838.571260604626
5381.33247248895	-6031.923250154165
7678.2800968479805	-4309.65950734561
11323.878474729481	-4449.162472897234
1458.5887545374717	-5700.477251730696
1876.1587377699007	-453.50782234255576
6297.8442783303835	-397.83479550550055
3830.03829989319	-2594.628822757314
614.7777926251374	-1346.1496090932303
13712.78724367958	-596.1511955651272
15921.532023335294	-3282.1898641066377
3370.7610808522186	-3737.4389995576953
5222.2642287393655	-986.1933477474938
7065.4791235303965	-5483.999446170859
13324.01091101035	-4481.9038624103205
8655.523351336267	-1437.1711820887888
8919.278264194085	-3358.191532581391
15671.244482791255	-220.73511413099322
1.2631024537849953	-198.13476644292678
16020.948908540566	-5696.1123161050255
3090.1210524595745	-5407.786363529994
7539.476878465779	-885.6348931726866
6854.340348584472	-3020.635949427348
14829.863944114148	-5915.546766017669
4284.326777992917	-28.940105327140827
4990.685794515379	-3735.175165161178
