NREL 5MW reference turbine - wind speed (m/s), Ct
3.0	1.0951580667779413
3.1308466339121686	1.075693487755685
3.2616932678243367	1.0570690984927906
3.392539901736505	1.0393806195277688
3.5233865356486733	1.0227121988603347
3.654233169560842	1.0070350753806083
3.7850798034730104	0.9922866108766595
3.9159264373851785	0.9784100994546745
4.046773071297347	0.9653606384524074
4.177619705209516	0.9529374216603061
4.308466339121684	0.9412487381564493
4.439312973033852	0.9301698243488081
4.570159606946021	0.9196487010459087
4.701006240858189	0.9096830936967133
4.831852874770357	0.9002015458857422
4.962699508682526	0.8911670972676943
5.093546142594694	0.8826661059334164
5.224392776506862	0.8743880696347608
5.355239410419031	0.8666094510502212
5.486086044331199	0.8592010760410116
5.6169326782433675	0.8519047005306812
5.7477793121555365	0.8450280644463918
5.878625946067705	0.8385423004401832
6.009472579979873	0.832056423373992
6.140319213892042	0.825790251992776
6.27116584780421	0.8198704006219157
6.402012481716378	0.8142748604654392
6.532859115628547	0.8088128961954664
6.663705749540715	0.8032822863782021
6.794552383452883	0.7980484235903708
6.925399017365052	0.7930937230057299
7.05624565127722	0.7884019134159417
7.187092285189388	0.783957917512722
7.3179389191015565	0.779511441115224
7.4487855530137255	0.775029078930996
7.579632186925894	0.7707810401969861
7.710478820838062	0.7667546860437455
7.841325454750231	0.7629382296231124
7.972172088662399	0.7620929940139258
8.103018722574568	0.7620929940139257
8.233865356486735	0.7620929940139258
8.364711990398904	0.7620929940139256
8.495558624311073	0.7620929940139257
8.62640525822324	0.7620929940139258
8.75725189213541	0.7620929940139256
8.888098526047578	0.7620929940139257
9.018945159959745	0.7620929940139257
9.149791793871914	0.7620929940139256
9.280638427784083	0.7620929940139258
9.41148506169625	0.7620929940139256
9.54233169560842	0.7620929940139258
9.673178329520589	0.7620929940139257
9.804024963432756	0.7620929940139257
9.934871597344925	0.7620929940139258
10.065718231257094	0.7620929940139255
10.196564865169261	0.7620929940139258
10.32741149908143	0.7620929940139258
10.458258132993599	0.7620929940139257
10.589104766905766	0.7620929940139257
10.719951400817934	0.756807121270288
10.850798034730104	0.7508324100723721
10.981644668642272	0.7444243567176557
11.11249130255444	0.7379609031133438
11.243337936466608	0.7316478890230537
11.374184570378777	0.7254801225570557
11.505031204290946	0.7194526480149128
11.635877838203113	0.7128225994753316
11.636877838203112	0.7121181416753974
11.704487739870945	0.6721067417285361
11.772490452984167	0.6440096019648162
11.840888259765187	0.6210170555489216
11.909683455696033	0.6008804284957627
11.978878349595416	0.5825577398871256
12.048475263696227	0.5656027152170385
12.118476533723445	0.5502239498190498
12.188884508972542	0.535482544218193
12.25970155238832	0.5218850413183392
12.330930040644231	0.5087648936729554
12.402572364222117	0.49653378231571366
12.474630927492438	0.48461553907165345
12.547108148794994	0.47351866868418147
12.620006460520045	0.4623795461938418
12.693328309189967	0.4518641740463925
12.76707615554137	0.4416578220049072
12.841252474607648	0.4317875768127576
12.915859755802076	0.42241367282075926
12.990900503001331	0.4132039048518411
13.066377234629556	0.4044255236193136
13.142292483742846	0.39593720774237195
13.218648798114266	0.38759860500093213
13.295448740319392	0.3797103933648669
13.372694887822261	0.3720032804448946
13.450389833061895	0.36443257904455906
13.528536183539329	0.35728955212180274
13.607136561905081	0.35021768337992626
13.686193606047183	0.3429914672436691
13.76570996917974	0.3361803729832182
13.845688319931925	0.329489659090578
13.926131342437573	0.32290927882729126
14.007041736425245	0.31663152666183314
14.088422217308867	0.310498743670463
14.17027551627881	0.3044670836552347
14.252604380393581	0.29866646620896775
14.335411572672031	0.29304531689967994
14.418699872186044	0.2875195231879776
14.502472074153838	0.28214834658998444
14.586730990033745	0.2769986480975995
14.671479447618617	0.27193836233772006
14.756720291130668	0.2669668572725579
14.842456381316952	0.2621558303173394
14.928690595545403	0.2571534089576306
15.01542582790135	0.25227875400613275
15.102664989284666	0.24756594548425753
15.190411007507489	0.2429986457040074
15.278666827392431	0.23849657328036666
15.367435410871433	0.23407983870939514
15.45671973708519	0.22986909024140847
15.546522802483093	0.22572967938608274
15.636847620923819	0.22166135723752045
15.727697223776458	0.21772833295455254
15.819074660022292	0.21392465130358504
15.91098299635706	0.21018947333411508
16.003425317293914	0.20652258819949434
16.096404725266957	0.20303522797720086
16.189924340735306	0.1996157790301048
16.28398730228787	0.19626267543577566
16.37859676674864	0.19263612775290304
16.473755909282694	0.1891586855538075
16.569467923502682	0.1857373077168109
16.66573602157608	0.18237182180214098
16.762563434332936	0.17913483986320777
16.859953411374324	0.17597118972306214
16.957909221181396	0.17286245323374905
17.0564341512251	0.16982170203060776
17.155531508076468	0.16690598450602284
17.255204617517602	0.16404407166002247
17.355456824653327	0.16123628123200712
17.456291494023397	0.15852449843427277
17.55771200971545	0.15590095297481657
17.659721775478545	0.1533309760421716
17.76232421483746	0.150814574196391
17.86552277120752	0.14841902550206038
17.969320908010182	0.14607935095670257
18.073722108789298	0.14379288544672508
18.178729877327978	0.14119456429930272
18.28434773776621	0.1386922739842744
18.39057923471915	0.13622987809339124
18.497427933396033	0.13380960384688775
18.60489741971984	0.13146666203818014
18.712991300447698	0.1291898888108959
18.82171320329184	0.12695414988961207
18.93106677704141	0.12475783813785447
19.041055691684896	0.12266200441289825
19.15168363853334	0.12060072246679353
19.26295433034414	0.11858882599865325
19.37487150144572	0.11663989551567638
19.487438907862863	0.11475967956586622
19.6006603274427	0.11292215685324068
19.714539559981553	0.11112727361719327
19.829080427352437	0.10941599285592712
19.94428677363336	0.10775234540204674
20.060162465236264	0.1061312487299346
20.17671139103686	0.10456852418523896
20.293937462505088	0.10307445091577958
20.411844613836408	0.10129583597488023
20.530436802083827	0.09947646642477985
20.649718007290744	0.09772099102689073
20.76969223262445	0.09600422815571576
20.890363504510514	0.09431960583480226
21.011735872767954	0.09267485703543347
21.13381341074507	0.09108958214331514
21.256600215456203	0.0895379046192655
21.380100407719215	0.08801879583163358
21.504318132293825	0.08655493404090807
21.629257558020626	0.08513474952413873
21.754922877961096	0.08374846103692818
21.881318309538244	0.08240124573776486
22.008448094678176	0.0811120696526988
22.136316499952468	0.07985709352777472
22.264927816721325	0.07863546010718594
22.39428636127767	0.07746818579573643
22.52439647499189	0.07634373627438737
22.65526252445766	0.07525217060125103
22.786888901638402	0.07420133280245432
22.9192800240147	0.0732048904983263
23.052440334732566	0.07224110768775033
23.186374302752593	0.07131039241000993
23.321086422999848	0.07004668417501414
23.456581216514785	0.06878620842870647
23.592863230604998	0.0675488011602301
23.729937038997758	0.06634269769292327
23.867807241993564	0.06517611968153439
24.00647846662051	0.06403309111432556
24.145955366789618	0.06291361500847081
24.28624262345093	0.061840015914437114
24.42734494475073	0.060793377501785234
24.56926706618943	0.059770606921865546
24.712013750780585	0.05878112183649052
24.855589789210683	0.05783505179925294
25.000000000000007	0.06003593354114126
25.001	0.06003593354114126