# turbine_x, turbine_y
5937.786447283627	-5137.398837671371
10054.524023705215	-1212.857802023148
10226.816538958887	-1218.0935153680723
9525.99313537202	-5114.896033654463
10102.443857868453	-815.5320510361757
6709.424827924688	-5871.7325504997125
6319.2541193464485	-968.6613554295982
6087.467973918811	17.988779219922435
5880.476578737387	1946.3046754318939
3766.937562100498	-4992.75783125664
6523.222191066561	-4887.694630736196
7550.8935010797595	-4960.438153605617
6840.457893814692	-7509.809700295134
7037.274142640701	-6341.47110601731
1596.6549839862419	-1074.5100125817394
9795.500530326975	-3939.7878626425227
9856.916956804009	-2016.9314888707077
5469.874220427488	-652.1700764769275
8773.872721567015	-4469.646278888102
1986.7819516932786	-1884.9494594970868
6869.793638541747	920.0279837898465
4568.229614535012	1206.08341425462
4748.900997007443	-6801.993197344333
6650.512492318789	-7298.777765955421
2996.708426417062	-5337.337717161991
8516.806907847982	-6566.873052023656
3293.952262371182	-1896.2810310110974
5640.76059229185	-5871.821128543861
1271.8628937277854	-2217.9251983758095
9770.942293858523	-3159.613962275611
1439.423322126533	-5007.702201802173
3140.961047807399	-4652.125467622263
10339.617025069885	-3389.088801935391
1657.5007382070771	-4582.378676557343
8832.691576417583	563.251702468755
10057.157895318585	-1822.9429238784473
6724.962377725553	-1702.0894373242297
3698.4609317551535	-1236.30663429193
3258.8790840689985	-824.4494393977025
4739.579914986472	-4509.551620986112
4890.831224275044	-5637.523968278987
3691.557485614182	-6181.166754147016
4505.094245913656	256.9683453095322
6138.073304419883	-390.39512757873035
5771.5400224234745	734.0837870503819
7358.558607250679	101.10376725967853
2760.2108247304236	-2524.443639318152
3562.912181255406	-2702.55099320259
3091.3585410393966	887.9826152037535
3528.481786495813	-4190.3093816189485
