# turbine_x, turbine_y
3320.273693321581	-4743.84489753005
414.87695584791163	-3472.4009708009266
13716.26189765144	-4213.64678395569
2558.129568542381	-2204.7228909042587
4966.850065394518	-2924.6400151288676
13979.464767637948	-847.7176701711142
9407.857228334147	-103.52911642608478
5909.565313769794	-4639.959078850303
10356.045126428102	-4488.086317842917
9481.902690111672	-5442.576544723617
7535.250504296189	-4583.98374607866
4075.835870427647	-9.845138589786075
11935.081897369348	-5278.734891147469
1399.259051761269	-5801.738659130138
6656.624714350481	-5980.979602797419
15779.488027119922	-4075.0874732965167
7988.818374214585	-5781.295539933134
10419.105616974819	-1242.0781030625753
2187.117700280727	-235.36457960634152
6428.4599552852005	-537.4005532971914
11820.756834182239	-75.35713153166307
1124.5158824337632	-2461.3339074722244
9678.167422856712	-2225.047677438577
11960.707410957419	-2427.9415662953375
128.70070851517357	-989.4055894296794
7613.69538716215	-2327.3459161902247
9508.805768247395	-3633.108638325767
14588.680421499794	-3149.6045374864007
3350.9793376556454	-1217.8978921180094
15721.089228969286	-306.7612133925927
288.93022243334053	-5239.068589259863
14976.371616605687	-5942.765911039907
3879.2433599333663	-5837.442176519378
8111.746472082264	-153.43395394956315
2940.525228743616	-3388.9944110836586
8693.832811416867	-1510.8975943571072
15712.552623783227	-1747.2070200049611
12702.3719470283	-1192.1460024501223
13241.935180563261	-2906.980170173169
4692.127380958307	-1717.9759739133208
12357.56535247997	-3961.6644827175514
6191.331091727173	-3219.8366443507016
4527.350158022057	-4363.2302542671905
1742.4315196289363	-4122.558616593795
5403.209011318857	-5867.610029577932
2669.802332735294	-5925.0759504251055
10705.775616140985	-2926.2421262327744
10704.382732950577	-5883.907094192243
13208.547117293152	-5700.071784289859
1384.8872806092204	-1268.562549179943
