# turbine_x, turbine_y
13080.56551428873	-1738.6372692544664
11969.313219204156	-4792.143753065349
1205.36345356112	-4230.884549675264
8260.95939648043	-3183.5403546488383
6424.897069145594	-1297.5750211196366
3682.2264154612167	-803.332009476519
4944.64099159879	-1241.5188665128546
9750.663639583054	-3897.19158535873
893.2023216011994	-370.797723740307
14393.733531625945	-3393.299991085261
7076.273394877172	-194.9963503542449
4856.722699371285	-5412.577311312925
16022.516407036897	-3142.5602730512064
6233.627017839311	-4896.31375923454
12704.184521451962	-3442.300187077424
11421.31335450552	-3062.691142836916
15348.496915606163	-5648.453653731152
2502.908750353972	-1885.8427699463653
3709.0480694268044	-3404.7772297215547
8873.077327743184	-731.7964645891684
1509.103004400079	-5899.402146158427
14457.363223633178	-4795.1222623707945
10482.338858525774	-494.2735347592802
10067.303971799509	-5394.779758842053
7471.605124135709	-5325.545466452853
1292.0628806937557	-2850.2949501968014
5253.7246569054805	-3538.785946013827
168.03881614936654	-1569.3406699154295
12535.032742955118	-116.56065605074582
15377.05238483667	-872.2459281361639
9966.85909702015	-2630.5873086066636
32.74046781826837	-3804.1526356060635
4346.593742769299	-2307.91138923647
7672.449028193498	-1869.0818745018616
2722.3028755984033	-5446.119540774278
8765.777972873664	-4919.19464712705
6816.2983271288385	-3278.030859769216
11442.616566848452	-1422.6933841829818
2642.7294102292335	-105.35206823053477
22.193826153569717	-5271.114419774921
13920.920786095896	-219.4325152185561
15053.539181774438	-2099.4998223355815
13223.912440993148	-5210.499029464133
3656.6852215273057	-4665.132081293558
11575.513881708688	-6008.197877000957
5735.757512623523	-221.8558563524216
15783.328367743095	-4404.551366685287
5869.699098931158	-2379.182051272331
2396.740818008545	-3863.732524943063
10925.254220930263	-4162.434492646321
