# turbine_x, turbine_y
5970.707314649933	-1126.4902102449478
5006.064312842203	-6233.208421288216
1941.798046146656	-1842.3313312118546
2216.7088016818384	-1680.1593858973702
8815.78707744658	-1474.3400017111114
6617.884948903624	-616.2869622193984
9967.15793493428	-2753.4143953244447
6697.939659102216	-5050.730193332138
10133.44195447542	-4108.49756583769
8452.363387067633	-6299.704364480871
6874.348382785244	-7689.362842086882
4162.602425040768	-7197.176394899151
3674.6364669856002	-1441.1376544354778
10383.197775134764	-2471.887469150342
3042.0021239393814	-790.6184921616382
5301.151785230042	-5883.246058302515
10029.281941840864	-3511.2471258390383
6356.736082756377	-3001.10726248183
3745.9731257367957	1417.7459137102824
10525.332179192414	-1225.5146450356785
6583.9717349610555	-3903.523172730043
9881.312098799022	-5791.977729636326
10607.26765084027	-4899.2228982298775
5879.545784038331	-7606.054159392974
8158.247042546751	-5088.004049515344
8988.701812470094	-1428.7648029316053
1728.7959361948278	-2895.2254377958293
8633.424188839228	-5898.0545557233
9704.643462622349	-6101.734999273904
4203.430289072385	-4343.669935527232
3560.575588638632	-4775.219033169209
10038.312167165292	-3036.404100654055
3699.0252313913966	-6522.057385604209
4104.691026775328	504.24756038421947
2874.9613528186846	-2758.8504033796885
3398.5580291479614	-6420.0215304353915
4027.1519486383313	-1406.88293026018
8066.607968345761	-1156.7721736441756
6273.670485567958	-5896.973244434488
7177.732816460095	183.5348597480538
6402.348559901515	-216.2876359523966
6856.563928521452	-5358.673233605165
6878.464271187389	-1754.6944116551174
3397.212463962015	-6999.246872046571
3283.218445129236	-4732.926674274262
6476.831683964722	283.4994013945384
7621.511831200332	-2342.674290877133
2070.82143856414	-5931.12329794668
8807.251597278319	-3473.9996146605854
9757.06474338322	-1072.3936283622822
