# turbine_x, turbine_y
7733.253995415089	-7641.813864410274
9009.78153848117	-4719.407142191855
2006.1588145310752	-3231.1391374933482
8735.202511142677	-804.1709907860081
4393.173458631091	-7492.552933233951
2492.954905092201	-1378.976179861737
2859.67462061108	-6839.66442907758
5797.4707713022635	-4862.785930749373
3847.7805606188044	-531.4036215684687
6394.292061550863	-3224.1899147421254
2649.7510016218043	-4485.762914863107
4074.985208592753	-170.29894492498215
7514.4371625604	728.804274791546
7185.674758993904	831.3368034021055
9007.654163024949	-3881.020496281517
6427.183463947016	1837.2134241196327
8268.935008302944	-526.4625430140477
9035.12406156272	-4332.225276670453
5840.939680706111	614.2867618381238
8698.736920468555	-5743.815401447507
2909.5590025622623	-385.0499207564326
6180.962677494687	-6786.785810132676
9092.324508556005	-850.770192745329
4459.437577260227	-3344.8345880355255
5997.580067122926	-2588.991706407002
9682.341911238385	-1977.1429168135587
4131.305848168058	-2151.352114729012
7589.68805699067	-3604.637485983046
7706.546591136198	-5490.759372502094
6097.607481655681	-357.19288335108695
4466.790843314702	1112.2583212033614
7052.657023793003	-3242.0299383952097
2705.5824995157077	-371.414642011287
5649.848742716689	-1730.4028431462054
7489.685309345241	-1503.9170417350097
9227.32023074538	-6595.653376673836
8478.903441078577	-2586.7425484441646
1230.1417645143556	-4312.065166415663
10221.054856809134	-887.845985035784
8726.164247989636	-6613.172563158087
7450.787196200272	-3755.786182342915
3348.4926508389135	-230.48242813499655
2906.932887192059	762.086741047166
5028.842319707757	-7783.051084518735
7968.78326957931	-4907.201290533143
5655.433210948803	-801.5270952910741
5367.6037219679765	1746.778897472439
9170.00685725696	-5038.299338381995
9299.05021970436	-4889.468931367531
5389.090163014324	-995.2500839464324
