# turbine_x, turbine_y
6345.171489655012	-1043.8949930271222
2197.4228041506212	-5273.964440098667
8660.699812260515	-5921.767555555196
15157.80648524958	-4428.180332826956
2037.7965240991643	-2763.4545031680773
7623.519123894396	-2168.0611418071894
11811.108318076544	-3226.147261656858
13659.111073101512	-5919.866879405297
15918.36435631883	-5554.076407406259
4267.661159607497	-487.4924436464303
10864.253168441097	-4128.8782272970675
13053.055268583114	-4237.637101483969
1472.0002166410295	-290.56709706663105
15419.94176756889	-767.1272712255263
10431.388740852473	-5565.708158783702
7696.329071763882	-416.22304298819836
3486.0925660155835	-5387.762355691326
9527.559732039455	-2462.623508844719
380.4840170399475	-1667.8075894230328
14149.435303912793	-2968.697783550394
9194.040518452615	-4836.328518934565
6084.73833200021	-2498.419806091316
281.0563497049334	-118.98813950957174
497.3304879049165	-3446.9756203134702
2831.9951017338617	-4053.785080563185
6056.821970368232	-6001.077155391817
13798.010764092222	-1637.1644285437856
12232.080067815947	-2102.0389783279293
7342.759387994084	-4255.999456174819
4426.5364922538265	-3144.5693233998354
3635.7212138326104	-2061.413510881467
990.9595848707604	-5231.009024151279
12163.77240591832	-759.208731237356
9037.430073001444	-879.9029603041613
10415.877682410248	-769.7974270090649
5706.5629542051	-4177.614197106384
2432.9856343689007	-1127.5398170594485
5005.0155591269395	-1556.1279654935045
15695.730656256936	-2072.060602589804
11811.139283288632	-4986.985787421971
15934.949254929805	-3289.6883701215584
13718.520455277163	-100.55551514401941
4474.144019087886	-4524.232914212401
10822.696055613984	-2360.060777666052
8639.86154368865	-3675.304499721783
4636.582919306664	-5947.028024087449
7394.127674966913	-5457.9395053817925
2957.844645059233	-6.69145045956202
1588.8342299114993	-4034.188726799759
5429.051952194204	-56.90390293589144
