# turbine_x, turbine_y
5880.483992374935	1131.7477135703975
4111.7601013795975	202.86323264779685
7769.245208483355	-6648.392846360531
6480.712897753728	-3580.05430066415
8079.371647477643	-6499.116412887542
2720.1870686073994	-2149.994117045479
9175.052918595891	-4224.57012190438
9548.663603562902	-17.42977961199449
6908.828125708876	1897.8867808307132
2681.6762911897863	-1667.1182083016474
2919.673262586019	-4606.471744998755
4754.07668321027	-3837.764285181204
6125.894154745034	-734.6877505507814
4331.87493158245	-2792.6923417658786
1492.363003274425	-4355.999097851251
9426.399119675074	-737.3858886323042
7456.362065635041	926.7828564620168
4944.955979317415	-1341.7868466112054
5916.627626136638	-1082.7934362360265
10363.015994851037	-3899.561183303612
2943.294004370326	-4775.461162850361
3920.9640920866887	-5822.17546611915
4518.836727187786	460.7206307983197
6424.5753763553785	-3038.006260801784
4727.9404934869945	-1253.5888021079718
6073.00734447365	-2994.3109719515724
2233.5000935911735	-4556.60718938754
7719.29387074309	-4786.799998359607
3767.4270233281864	-3422.9672535585905
3504.3101061125262	-3748.0501199773526
8285.330609405582	-590.6842223878466
8460.3925384631	-5082.97090894912
10139.858696057785	-5217.703479862005
6701.721935218522	-6750.391652202942
7660.670132935542	-5209.984464007584
7090.022369198229	-7820.420789522102
10267.388040158763	-2141.033490766162
2631.1726340149435	-4696.081772801248
5108.431818160989	1334.3746534756365
9086.01147614022	-3445.6815491419343
7496.025830962178	1313.7879740495237
8485.63436763097	-4143.136976878379
6016.032890596949	1765.185168942201
4259.2374387712825	-6769.607433226849
9773.840580870534	-4691.303872745942
10148.096127738521	-1778.9810435440963
8360.316617004299	-383.31380818256775
1464.8094898501977	-1571.795434838254
10372.709988900988	-2254.852329674248
5117.790184454752	146.49595054611336
